0.59647265
0.63590886
0.67534507
0.71478128
0.75351327
0.79224526
0.83097725
0.86970924
0.90844123
0.94717322
0.98590521
0.99412108
1.0023370
1.0105528
1.0187687
1.0269846
1.0352005
1.0434163
1.0516322
1.0598481
1.0680640
1.0738151
1.0795662
1.0853173
1.0910684
1.0968195
1.1025707
1.1083218
1.1140729
1.1198240
1.1255751
1.1181808
1.1107865
1.1033922
1.0959980
1.0886037
1.0812094
1.0738151
1.0664208
1.0590265
1.0516322
1.0442379
1.0368436
1.0294494
1.0220551
0
0
0
0
0
0
0
0
0
0
0
0
0
0
0
0
0
0
0
0
0
0
0
0
0
0
0
0
0
0