0.999660591682433 
0.999635851763609 
0.999607510412338 
0.999580392147289 
0.999559827097678 
0.999541608289149 
0.999519046137695 
0.999490855061269 
0.999452389538319 
0.999409114188410 
0.999368779919842 
0.999330997894627 
0.999293268916741 
0.999258587805752 
0.999223715608216 
0.999178720315077 
0.999116049118025 
0.999037378122685 
0.998944220821327 
0.998843428087218 
0.998742643352257 
0.998637219229869 
0.998518480436503 
0.998381517436754 
0.998225291066233 
0.998057989039534 
0.997879679925666 
0.997703909293234 
0.997514535342604 
0.997295905036152 
0.997053000620351 
0.996820056925522 
0.996595265818323 
0.996374531255103 
0.996119269254164 
0.995833302745909 
0.995542590957133 
0.995251193507687 
0.994913234025541 
0.994472640444241 
0.993945704610380 
0.993401870249242 
0.992849426580741 
0.992342160417383 
0.991776009600329 
0.991096781562241 
0.990224175387462 
0.989040519383899 
0.987576343027986 
0.985853872017897 
0.984045217580420 
0.982180310733957 
0.980160495335018 
0.977858639939020 
0.975062931498925 
0.971788954051134 
0.968124971217926 
0.964029979401414 
0.959619699750257 
0.954747798315938 
0.949312900529696 
0.943129328788701 
0.936305428894401 
0.928609701789483 
0.920341430165866 
0.911370963567574 
0.901673684755213 
0.891228851313782 
0.880020270232111 
0.868036976380186 
0.855273903010413 
0.841732531336915 
0.827421505376652 
0.812357197611378 
0.796564210691241